Run#,f best
1,[1.6132e+06 1.6132e+06 1.35763e+06 1.35763e+06 1.25434e+06 1.18462e+06 1.07124e+06 933132 910491 802143 608798 549827 491057 491057 491057 491057 464893 404144 396034 392056 367892 320360 318844 307951 252728 239778 194895 194895 187650 187650 155436 144129 144129 143021 121861 115609 103245 101969 93636.1 85680.2 75202.4 68722.5 57286.8 57286.8 52428.2 50967.7 50439.5 40262.9 35462.7 35462.7 35462.7 35462.7 28897.6 28897.6 27658.1 26454.5 21685.3 21685.3 21544.2 20528.5 19833.6 17303.1 17218.9 13729.3 13240.3 10202 7286.71 7286.71 3891.4 -2062.2 -2062.2 -2238.1 -4627.54 -5501.16 -5501.16 -9334.84 -9334.84 -10633.2 -11935.7 -12249.7 -15786.2 -15786.2 -19028.3 -19028.3 -19028.3 -19113.6 -20765.7 -21317.6 -21317.6 -21317.6 -22428.5 -22428.5 -22428.5 -23725.2 -23725.2 -23810.5 -24868.9 -25684.4 -25684.4 -25684.4 ]
2,[1.14878e+06 1.14878e+06 1.14878e+06 1.14878e+06 1.04141e+06 1.03766e+06 843066 784123 771678 643784 629815 591178 461752 418827 418827 369144 369144 327723 327723 320147 320147 305853 251378 248197 214218 214218 214218 214218 196010 169444 146476 146476 146476 137716 132713 128540 125949 124349 113699 97800.9 97800.9 97800.9 97800.9 97800.9 96293.8 93284.4 87503.1 86456.4 83939.6 82513.3 81082.9 72627.5 72627.5 70610.1 70390 65929.5 63495.6 62051.5 57704.2 57269.2 55243.2 51482 48574.9 48574.9 46571.4 46571.4 42952.3 41044.2 40631.3 38409.9 38409.9 35036.9 32734.1 32734.1 32138.5 30540.2 30540.2 30212.8 29467.5 26965.9 26965.9 26965.9 25040.2 25040.2 25040.2 24894 24894 24590.3 22753.2 22753.2 22753.2 22735 21942.4 21880.3 21880.3 21147.1 20336.3 20336.3 20336.3 20096.6 ]
3,[1.40036e+06 1.40036e+06 1.40036e+06 1.2529e+06 1.11052e+06 938921 938921 938921 661903 661903 661903 661903 626444 576388 536315 536315 499653 427713 350476 350476 350476 341768 298090 279750 264868 245689 222923 173003 173003 170034 153811 153811 153811 149366 149366 149356 136323 136323 133611 131507 129056 121984 114410 113088 109291 105654 102694 101910 101910 97014.2 97014.2 97014.2 94037.9 90019.7 90019.7 90019.7 85551.1 82764.2 81692.7 79725.3 77979 77231.7 75446.4 71407.5 70429.3 70429.3 67147.4 65015 59533.1 55175 55175 55175 55108.9 52417.7 50850.7 50713.2 49884.3 48161 47902.3 46392.3 44440.1 44440.1 41569.5 40846.8 40846.8 38313.4 35946.1 32683.7 32683.7 31087.9 31087.9 30744.7 30598.3 28835.5 28835.5 28835.5 28725.3 28219.1 26117.5 26117.5 ]
4,[1.62517e+06 1.53564e+06 1.30965e+06 1.04589e+06 1.04589e+06 1.03599e+06 861723 675887 587230 587230 587230 520766 465850 415089 395701 363148 303276 223803 209004 182137 182137 175145 158073 147417 134076 134076 134076 133472 129683 110764 108577 108577 98667.7 90085.2 90085.2 90085.2 84398.9 73039 73039 71232.3 67318.7 63293.8 60760.8 56847.2 52158.6 44719.9 44719.9 43101.6 40238.5 40238.5 39875 34464.7 34464.7 32743 30641.4 29216.7 29216.7 25445 24495.3 19961.1 19961.1 19961.1 16873.8 16705 15366.1 14099.8 13647.7 13647.7 13647.7 10795.3 5618.53 5618.53 5618.53 3254.92 3254.92 2902.59 2902.59 1479.78 792.64 136.114 -1763.99 -1763.99 -1763.99 -3219.3 -3219.3 -3219.3 -4726.64 -6719.5 -6719.5 -6719.5 -6719.5 -6922.22 -6922.22 -6922.22 -6922.22 -6922.22 -6922.22 -7521.62 -8112.97 -8692.18 ]
5,[1.75901e+06 1.64414e+06 1.63393e+06 1.36385e+06 1.31033e+06 1.03071e+06 1.03071e+06 958820 850289 850289 695074 695074 667478 553114 553114 482855 404228 398299 369578 299821 299821 245304 245304 245304 231635 216665 216665 195963 192652 169904 169904 154277 146364 115457 115457 106020 106020 104316 71706.9 71706.9 67761 66860.4 56379.1 56379.1 56379.1 54133.5 53028.5 50603.4 46912.5 43742.6 40997.6 40932.1 39777.7 36515.4 30649.7 28944.9 24982.5 24780.7 24780.7 24780.7 20834.5 15813.1 14578.8 13175.2 13175.2 10078.7 6660.82 6633.6 2748.7 -41.6221 -2743.97 -2743.97 -5178.98 -6935.53 -8914.47 -13656.2 -15316.9 -15316.9 -17825.6 -17889.1 -17889.1 -20967 -21318.7 -23515.3 -24838.2 -27779.1 -28204.8 -28204.8 -29652.7 -30976.2 -34245.3 -35756.6 -36146 -36146 -36146 -36682.1 -36963.1 -37084.8 -37841.5 -38075.5 ]
6,[1.40991e+06 1.40991e+06 1.40991e+06 1.40991e+06 1.26236e+06 1.01692e+06 1.01692e+06 1.01692e+06 900477 849912 717017 665634 553112 539544 539544 511412 439052 439052 409502 402967 376320 351702 327849 321397 263201 263201 225586 225586 214682 187521 187521 187521 179680 171848 168289 168289 153276 146133 146133 116708 109210 109210 105263 99772.8 93980.7 93980.7 93980.7 85980.6 85980.6 85980.6 85980.6 84560.9 84560.9 83224.6 80660.2 79961.6 75607.8 75291.4 75291.4 73683.7 73314.6 68569.8 68429.3 65700 65700 64990.4 62448.6 62448.6 61155.4 60704.8 58027.6 58027.6 54972.8 54972.8 53094.7 52858 49687.6 49682.5 49682.5 46704.4 46704.4 45546.8 45041.8 42390.3 41991.8 41240 40445.8 39247.8 39200.5 36922.6 36922.6 34726.5 34726.5 34515.6 33032.9 33032.9 31754.8 31754.8 31754.8 31501.9 ]
7,[1.4523e+06 1.4523e+06 1.29628e+06 1.23569e+06 982566 982566 661650 661650 661650 661650 661650 610176 498828 489947 378818 378818 378818 352084 298513 271176 234297 220431 186941 186941 186941 170820 139711 139711 139481 128503 121732 120844 103006 101323 87692.5 80311.5 80311.5 72069.2 72069.2 60902.1 57644.3 52554.6 50328 50328 48350.1 46561.5 44078.3 38911.8 38911.8 32185.8 29766.9 20769.6 20769.6 20769.6 20769.6 20769.6 20769.6 16377.2 16377.2 16377.2 15717.5 11798 11798 11034.7 11034.7 9494.13 8927.9 8748.71 8589.58 6684.01 6684.01 6585.64 5844.74 4364.67 3150.28 3150.28 3150.28 2438.47 2109.94 273.981 273.981 -154.156 -854.527 -1488.95 -1488.95 -1778.94 -2811.67 -2811.67 -3609.37 -3609.37 -3609.37 -3609.37 -3609.37 -3609.37 -3609.37 -3737.64 -3737.64 -5901.26 -5901.26 -5901.26 ]
8,[1.29871e+06 1.29871e+06 1.26012e+06 1.12963e+06 1.09522e+06 982681 973579 928255 864952 748955 730356 660552 612342 612342 592468 510495 510495 478736 457700 394146 391745 380082 365200 333846 293681 286817 273403 269751 250133 232616 206176 206176 194840 185362 184338 155431 155431 147931 147931 142242 142242 137064 116265 110668 110668 110668 108492 108492 108077 104679 99189 92496.2 90627.4 88277.7 85310.3 85310.3 82706.1 82288.3 75875.3 74132 71042.9 68122.2 64580.5 64109.7 62466 62448.5 62225.6 58772.8 58719.7 58294.8 55747.2 54789 54789 52845.5 52845.5 52845.5 50837.7 48053.2 48053.2 48053.2 48053.2 48053.2 45618.9 45618.9 45399.6 45399.6 44299.8 44299.8 42506.5 40800 40800 40800 40800 40166.4 40166.4 40166.4 40166.4 39537.3 39537.3 39537.3 ]
9,[1.59755e+06 1.53408e+06 1.3728e+06 1.3728e+06 1.34905e+06 1.11831e+06 981058 859027 859027 723336 691288 625291 534968 492193 408134 408134 373772 334290 271037 247797 220767 209285 179253 174757 174757 162289 148314 145754 144503 131651 131651 121062 121062 121062 120071 101575 101363 101363 98691 98328.4 91229.3 91229.3 88141 84581.6 82485.7 82037 74890.1 72657.3 63395.4 63395.4 63395.4 57752.2 57752.2 54305.3 48778.5 48778.5 48438 44781.2 44781.2 42411.4 41583.8 39855.3 38752.2 35118.2 33352.9 33352.9 30949.6 30603.2 29467.8 29393 25570.6 25570.6 24504.8 22795.2 20162.7 20162.7 20162.7 19033.1 16338.4 12820.1 12820.1 11209.6 11209.6 10125.4 9499.92 9499.92 9499.92 9311.56 5991.4 5991.4 5991.4 5188.4 4374.54 4374.54 4374.54 3898.73 3167.39 1550.53 1550.53 1550.53 ]
10,[1.44575e+06 1.44575e+06 1.44575e+06 1.27626e+06 1.27626e+06 926110 926110 860091 820762 820762 745897 684663 684663 500131 500131 500131 496921 472162 447557 383687 383687 312834 312834 292005 197908 197908 197908 184392 177843 177843 141962 127385 127385 116925 95958 95958 89572.5 75751.1 75751.1 69112.3 61088.3 60366.2 56579.2 56224.6 54115.2 53629.8 49876.1 49126.5 49126.5 49126.5 47824.7 46808.9 46592.4 46582.6 46454.4 45537.7 44798 44140.7 41665.7 41583.8 41398.5 40415.7 40180.2 38994.2 38726.4 38128.7 36426.9 36044.3 35616.3 33329.3 32934.2 32934.2 32900.8 32769.6 32126.2 31919.5 29847.7 29704.3 29310.8 29310.8 29310.8 28758.3 25461.7 25117.3 25117.3 25117.3 25117.3 25117.3 23623 22814.9 22814.9 21987.4 19656.3 19656.3 19518.3 18073.5 17967.5 17042.2 16444.4 14822 ]
11,[1.36035e+06 1.36035e+06 1.36035e+06 1.36035e+06 1.36035e+06 1.28508e+06 1.03963e+06 1.03963e+06 924751 877655 869850 615050 615050 601004 409812 409812 409812 372269 344528 235951 229420 229420 190760 190760 180765 178264 146013 145192 139294 139294 135215 135215 121920 111370 111370 109168 109168 108694 106541 100872 89477.8 89477.8 84998.3 80798 80798 75576.1 73807.1 67261.8 65933.3 64088.2 60886.5 60031.7 56920.4 55376.5 51002 49313.1 46954.3 44673.9 44673.9 39686.9 39445.4 39445.4 32357 31421.4 27456.8 24678.7 24678.7 23261.8 16864 14864.9 13979.3 9929.4 7837.8 3785.62 242.243 -2721.93 -2721.93 -4469.27 -4791.17 -9104.38 -9104.38 -10543.3 -10577.2 -11880.6 -13062.4 -13098.3 -14620.1 -14789.8 -15893.2 -15893.2 -15893.2 -16222.3 -16222.3 -18822.9 -18822.9 -18822.9 -18822.9 -19354.3 -19354.3 -20472.5 ]
12,[1.48515e+06 1.48515e+06 1.22743e+06 1.18836e+06 1.03617e+06 1.03617e+06 816811 678236 595949 573543 573543 540896 485984 446794 396811 357623 344697 301075 301075 259700 259700 226832 210473 199159 176529 168884 168884 168557 154990 141227 141227 134959 125423 111658 104566 76844.5 76844.5 71105.6 71105.6 71105.6 70491.8 59121.7 58059.2 52811.9 52811.9 52811.9 48963.3 48963.3 48207.8 44958.5 40266.2 38345.2 38345.2 33874 31106.2 29296.4 27740.4 22095.3 22095.3 22095.3 20723 16691.7 11406.7 7666.58 7666.58 7666.58 7440.73 4441.01 3544.75 3544.75 1623.43 1549.42 -356.899 -1158.75 -3679.52 -3679.52 -4091.27 -7220.66 -7220.66 -7220.66 -7839.38 -7839.38 -7946.44 -8624.06 -9650.2 -10329.4 -11146.1 -11634.9 -12297.5 -14834.8 -14834.8 -15399.1 -15779.4 -15779.4 -18523.3 -18523.3 -20284.8 -20962.5 -23345.4 -23626.8 ]
13,[1.48537e+06 1.44131e+06 1.29122e+06 1.21302e+06 1.01789e+06 1.01789e+06 950496 835446 827259 784287 669319 645680 609484 527470 452204 381772 379448 362071 336767 271329 259695 245736 233982 233982 233982 229573 216871 201986 178708 178708 176905 175508 156463 156463 143970 135440 127855 127855 118115 118115 109912 105751 105751 80937.5 80937.5 80937.5 80937.5 80937.5 80937.5 80565.2 79858.1 75391 72096.1 72096.1 64344 61650.6 53843.5 53843.5 48739.3 48739.3 48739.3 48739.3 48739.3 48739.3 47506.2 47454.6 43567.4 43567.4 39808.7 39808.7 38763.5 36999.1 36999.1 34981.4 34661.2 31932.3 30767.4 27640.4 27640.4 27640.4 23912.5 20818 17974.9 17974.9 17730.5 17730.5 17730.5 17730.5 17157.2 14247 14247 14247 13082 11295 11072.9 10130.1 10130.1 7999.8 6909.35 6909.35 ]
14,[1.6445e+06 1.6445e+06 1.55734e+06 1.35841e+06 946228 946228 946228 889551 772916 748382 565519 550334 522620 504395 491927 360496 360496 352882 352882 309663 309663 267982 267982 267982 239061 239061 234279 198143 198143 184174 184174 154611 154611 154611 153233 141570 140337 140337 140337 129663 118978 118978 115840 115840 115840 112256 107710 107710 102698 102698 99661.2 94661.9 94661.9 92645.9 91467.3 89227.2 86898.2 86898.2 86464.1 85245.3 80765.5 80765.5 77146.3 77146.3 77146.3 74336 72875 70645.7 68589.1 64761 64287 60281.2 59683.6 59683.6 57734.6 57734.6 57734.6 55328.7 55328.7 52962.6 52962.6 52962.6 52962.6 49833.6 49833.6 49453.7 48942.7 47043.2 47043.2 47043.2 47043.2 46998.6 45992.8 45336.4 44146.1 44146.1 43654.7 43054.1 41785.2 41785.2 ]
15,[1.4629e+06 1.45262e+06 1.45262e+06 1.28399e+06 1.22488e+06 1.15077e+06 993431 993431 907601 765264 516881 516881 516881 459302 440385 357740 357740 353888 332330 305020 238844 235319 193116 184534 168054 144101 144101 128127 127113 104042 104042 102598 87968.5 87968.5 87968.5 75244.8 75143 70346.6 62545.7 53277.9 48963.6 45312.7 40530.2 35383.5 35383.5 30178.6 30063.7 26672.2 21466 21466 20112.1 18293.8 12475.4 12475.4 12475.4 9053.11 8878.69 8191.45 5075.92 2633.43 1147.78 1147.78 534.69 -3471.7 -3471.7 -5492.57 -8866.35 -8866.35 -8948.89 -8948.89 -9046.51 -11439.9 -11935.1 -13539.6 -13539.6 -16852.7 -17789.2 -17789.2 -17789.2 -20440.1 -22202.2 -22966 -23141.9 -23171.7 -23171.7 -25380 -25380 -25380 -25413.3 -26143.9 -26893.2 -28279.9 -29894.7 -29894.7 -30265.9 -31313.5 -31313.5 -31313.5 -32165 -32174.1 ]
16,[1.37086e+06 1.37086e+06 1.37086e+06 1.35532e+06 1.23603e+06 936965 936965 936965 936965 849744 835080 667066 596810 560158 560158 549671 514932 473098 403787 380090 331243 294526 284493 258093 246088 246088 220115 220115 220115 220115 218311 173745 155237 155237 155237 155222 140306 140306 121761 121761 116614 95282.2 93963.3 93963.3 86634.6 85609.2 84240.7 81174.1 78155.4 73467.4 68524.9 64907.5 64907.5 61935 55303.4 55303.4 48510.3 47299.3 47299.3 43152.7 40380.2 39056.6 38805.4 38805.4 32225.6 32225.6 32225.6 29179.4 27889.8 23158.1 23158.1 23158.1 21792.5 21203 20059 18325.7 15422.5 15288.7 14685.8 7261.17 7261.17 7261.17 7046.43 5521.25 4046.28 4046.28 3154.91 1553.05 972.887 -539.17 -539.17 -2039.19 -2090.42 -2100.04 -4209.58 -6616.71 -6616.71 -9147.6 -10746.6 -10746.6 ]
17,[1.41103e+06 1.41103e+06 1.41103e+06 1.19074e+06 1.03005e+06 874436 837770 837770 748617 661370 591569 591569 567957 521134 451705 412152 391370 344169 344169 322616 322616 291238 291238 284980 204629 189855 189855 189855 177907 166040 156179 141618 141618 138270 129010 114018 109216 92366.2 92366.2 92366.2 81311.5 81311.5 72244.7 72244.7 71480.1 67625.1 62203.6 58790.6 58790.6 58790.6 50036.2 46885.3 42713.6 42713.6 36889.2 34303.3 31475.1 31475.1 29753.4 25603.8 21911.2 21911.2 20658.7 20658.7 18443.1 18443.1 15327.6 14309.7 12302.9 11812.9 7152.29 7152.29 4613.46 4613.46 636.577 636.577 -2696.82 -5986.95 -5986.95 -5986.95 -7799.38 -8257.86 -8257.86 -8513.87 -9842.22 -10679.6 -11873.4 -11873.4 -12071.3 -12071.3 -13930.5 -13992.9 -15245.9 -16777.8 -17991.5 -17991.5 -18125.6 -18125.6 -19278 -19278 ]
18,[1.67882e+06 1.55543e+06 1.55045e+06 1.42824e+06 1.23894e+06 1.20304e+06 1.17686e+06 1.06126e+06 992147 843061 689975 689975 646884 595514 595514 463874 463874 446267 438323 434555 418513 389058 362876 361759 314721 301810 297514 244708 200622 200622 170877 170877 170877 137526 130497 130497 121478 116886 114109 114109 100035 100035 99682.4 91955 89437.5 87288.3 83238.4 83185.9 76149.5 71482.9 67621.7 66872.8 61660.4 61621.4 55448.3 52178.8 50184.3 47681.8 44157.4 44157.4 37958.2 36617.6 34096.1 32064.2 32064.2 27490.9 25899.9 24307.9 21271.6 19057.6 18051.6 16120.8 14393.7 14393.7 12544.8 11835.9 10383.9 7756.5 7756.5 6438.16 3683.91 3546.3 3546.3 2837.4 1430.9 -292.543 -292.543 -2533.93 -2533.93 -5674.36 -5674.36 -5674.36 -5674.36 -5674.36 -7465.64 -7558.11 -7558.11 -7789.76 -9620.96 -9620.96 ]
19,[1.44344e+06 1.24702e+06 1.24702e+06 1.24702e+06 1.15437e+06 1.03691e+06 919434 868810 640428 638215 602065 561235 514345 514345 424157 424157 382194 372167 353614 307171 292130 288643 247901 237821 199473 199465 145601 120769 120769 120769 120769 120769 115670 111475 104120 98432.9 98432.9 98432.9 92822.5 81815.4 72715.1 72715.1 71187 71187 63341.8 63341.8 59084.7 56060.1 48400.1 48400.1 46162.7 33885.8 33885.8 33885.8 33885.8 31009.8 28923.5 28923.5 26635.5 24677.4 22430.1 14355.6 14355.6 13091.5 13091.5 11419.3 11419.3 11419.3 8956.1 8956.1 8956.1 6449.53 6449.53 4252.54 2850.47 2850.47 505.502 -645.569 -1840.74 -2586.33 -2586.33 -3269.02 -5481.88 -5481.88 -5481.88 -7092.3 -7092.3 -7960.96 -7960.96 -7960.96 -7960.96 -11027.4 -11027.4 -11027.4 -11027.4 -11189.9 -11189.9 -11856.6 -13838.7 -14093.6 ]
20,[1.40499e+06 1.40499e+06 1.24989e+06 1.13603e+06 1.02939e+06 798780 798780 772624 755239 687917 666482 641683 614505 519649 502489 502489 443997 443997 437932 389952 369050 338157 313767 297261 297261 233052 233052 233052 225276 211642 186964 174555 173608 165251 165251 156316 141714 135970 127149 127149 125441 125441 117716 114241 105569 105569 105569 99150.5 99150.5 94003.7 91702.8 87817.7 80923.6 76825.2 76825.2 72205.4 72205.4 72205.4 65522.7 65522.7 59413.9 59403.9 47278.1 47278.1 47278.1 47278.1 45409.2 42330.8 42266.1 38480.1 36112.6 34660.7 34660.7 32252.4 30675.5 30002.5 27823.9 27749.3 27627.1 26179.2 25315.4 24164.3 24164.3 23615.2 21938.4 20742.3 20742.3 20742.3 20541.4 19369.7 18891.6 18891.6 17900 17848.9 16077.6 16077.6 16077.6 15653.8 15653.8 15653.8 ]
21,[1.49915e+06 1.45094e+06 1.27791e+06 1.03066e+06 1.03066e+06 976011 919092 610967 558886 558886 558886 558886 558886 486949 450724 399086 376243 297067 242610 240419 234894 225672 213737 211569 194067 180074 180074 169245 169245 152639 152639 143762 140134 129583 129583 112476 103080 103080 99992.9 94187 93322.3 84869.7 82952.1 80241.4 74188.9 74188.9 74188.9 66035.8 63998.5 61712 61712 58446.4 57657 57657 51140.4 51140.4 40490 40490 40490 40490 40490 36731.7 36731.7 36731.7 36698.6 35085.2 34286.9 34088.1 32711.7 31714.6 31714.6 29721.9 29721.9 27553.5 27167.3 24038.6 23948.7 23652.4 23312 21575.2 21376.4 17205.7 17205.7 17205.7 17205.7 17118.7 15897 14477.8 14472.9 12860.2 12379.4 10302.2 10103.4 8882.95 8882.95 8524.07 8524.07 8413.08 8413.08 8413.08 ]
22,[1.48094e+06 1.48094e+06 1.48094e+06 1.29284e+06 1.08713e+06 1.06439e+06 915765 807229 807002 787362 676382 560241 450470 450470 373546 373546 373546 330156 330156 328736 324311 320348 304758 285402 285402 274515 252333 230352 227216 220278 164656 164656 164656 156045 156045 154249 137646 128136 121856 121856 114968 108944 99070.5 91432.6 89695.5 78479.2 78479.2 75268.3 67043.3 60685.7 60357.2 58962.2 46945.2 43038.6 43038.6 43038.6 39630.4 39630.4 37848 34781 34781 34781 33777.1 31196 30600.4 30113.5 26137 26137 26137 26137 23849.8 23601.2 21155 18760.8 18760.8 18760.8 18760.8 17542.4 15378.2 12210.5 12210.5 12210.5 11338 11242.2 8415.78 7920.05 7920.05 6009.37 5597.26 5597.26 5597.26 5328.38 4427.94 2020.28 2020.28 2020.28 2020.28 1982.55 1982.55 1154.45 ]
23,[1.39418e+06 1.39418e+06 1.29181e+06 1.2247e+06 1.13006e+06 1.09019e+06 915274 902386 801946 712051 676609 663174 580854 514276 514276 383337 383337 307816 297457 297457 270048 253945 253945 253945 244958 224513 206889 199237 190896 184973 173129 153241 153241 140302 140302 130970 122576 113743 112122 86936.5 86936.5 86936.5 86936.5 76008.9 72002.8 72002.8 72002.8 72002.8 69308.8 66937.7 65765.4 65765.4 61651.2 61355.2 51504.9 49677.8 44612.6 44612.6 44612.6 36611.8 36611.8 30087.1 27177.7 20720.7 20720.7 20720.7 18565 14086.3 14086.3 11207.6 9432.97 7946.07 5167.87 4479.84 3414.3 -1389.62 -1651.2 -1651.2 -2023.72 -4902.99 -7760.47 -8906.6 -9115.41 -12081.5 -12884.8 -14516 -14516 -15605.8 -16364.2 -16619.2 -17879.8 -19977.1 -21020 -21622.6 -22206.4 -22206.4 -22873.8 -22873.8 -23227.9 -23227.9 ]
24,[1.50354e+06 1.50354e+06 1.37618e+06 900895 900895 900895 859041 761295 681778 624992 588331 588331 508648 508648 498749 441011 406808 388044 363386 363386 330480 271492 271492 258243 257955 210654 210654 210654 210654 208730 186294 182640 172748 172198 160127 152951 141762 138219 138219 132964 132964 130053 120104 120104 113272 107148 98933 98933 96202.9 96202.9 93699.2 90707.6 83591.9 83591.9 80211.8 80211.8 80211.8 76923.9 74880.1 73828.1 72190.8 71193.1 70926.5 65044 59466.6 59466.6 59362 58393.3 56464 52892.7 52892.7 51767.4 49688.7 49688.7 47899.8 46865.3 44818.5 41508.9 41289.8 38284 38284 37935.9 37935.9 35968.1 35968.1 35968.1 35936.4 35636 34735.5 34553 34553 34029 33262.5 33262.5 32245.4 32245.4 32156.3 32156.3 31905.1 30772.9 ]
25,[1.5685e+06 1.49728e+06 1.49728e+06 1.25192e+06 1.00031e+06 1.00031e+06 986885 884413 837635 564089 521088 504447 504447 460487 406302 406302 396405 391152 375641 345866 345866 345866 333540 318618 294569 237428 237428 237428 237428 237428 231208 231208 220712 220712 202233 202233 189964 186171 172021 172021 169406 167203 162944 158247 157848 154727 153611 150018 149665 145236 142749 140268 140268 139677 136726 132780 132780 131126 127882 127490 127490 125583 124444 123005 119961 116438 116438 116438 116438 114167 114167 114167 110017 108789 105019 105019 105019 105019 105019 103328 102459 101415 99138.8 99138.8 99138.8 99138.8 99138.8 98449.1 96345.7 96222.1 96222.1 91577.3 91577.3 91577.3 91033.2 91033.2 90641.4 90641.4 88323.8 88116.5 ]
26,[1.28397e+06 1.22718e+06 1.22718e+06 1.22718e+06 1.14528e+06 1.08403e+06 1.02443e+06 987699 926202 860075 766734 700566 700566 630563 541439 541439 488926 417972 378527 378527 356683 313759 313759 295268 288248 276523 255951 220468 220468 193871 181890 156830 156830 123724 123724 123724 123724 123724 113057 112984 112984 106950 89599.7 89599.7 89599.7 89599.7 88151.1 76607 73491.8 72249.5 68695.3 60980.6 60763.5 54848 54848 51298.2 51298.2 45621.9 43286.2 40523.9 40016.7 37724.5 35440 33219.9 32457.6 31302.4 29105.4 27560.9 25308.9 25074.1 21852.6 18165.1 18165.1 12472.4 12472.4 12435.3 10716.1 10254.3 7628.6 7628.6 7278.37 7046.75 5631.4 5631.4 5631.4 4399.82 4230.65 2095.21 2095.21 2095.21 2095.21 1967.54 -880.985 -880.985 -880.985 -880.985 -1028.32 -1028.32 -2897.84 -4768.11 ]
27,[1.61459e+06 1.61459e+06 1.493e+06 1.40527e+06 1.30737e+06 1.15514e+06 1.06788e+06 1.06732e+06 751734 751734 699932 554598 554598 554598 554598 450376 419831 350338 318011 309593 283008 270191 265019 258134 239640 213622 213622 187825 149478 149478 135885 128639 128639 116067 116067 108794 108794 108794 107940 102362 98396.2 95946.8 94785.8 91086.3 81966.9 81966.9 81966.9 74345.5 71989.3 71989.3 68775.1 63509.4 60038.3 57810.6 56832.4 56199.4 53170.2 53170.2 52267.1 50395 50395 49218.6 49083.9 44819.1 44103.5 40438.3 38477.1 38477.1 37603 35863.8 29823.1 29823.1 29823.1 27530.6 27530.6 26188.4 25947.4 24676.3 24676.3 24398.7 23416.2 22189.4 22022.7 21811.7 20261.8 18900.5 18900.5 18430.6 17709.1 17086.8 15579 15579 13856.7 13856.7 11275 11275 11275 11023.4 10429.2 8673.13 ]
28,[1.32735e+06 1.2583e+06 1.2583e+06 1.2583e+06 1.2583e+06 1.00259e+06 1.00259e+06 826442 719580 719580 719580 508289 508289 508289 404102 404102 401514 267250 267250 267250 228291 228291 228291 220844 185083 166377 166377 154271 137552 137552 126325 126325 126292 123689 117818 111164 111164 102532 102532 102532 95675 92607 91913.5 88388.3 75564.2 75564.2 75564.2 75564.2 74305.4 73081.7 69995.9 62601.4 61297.1 61297.1 58141.5 54660.6 50480.2 50480.2 45656 45656 42869 42869 42869 36951 36626.5 35009.7 32123.3 32123.3 32123.3 31928.1 30709.6 27048.7 27048.7 26603.7 25395.9 23302.3 21224 21063.6 16491 16491 16491 15569.7 13816.5 13816.5 13161.3 8914.51 8914.51 8914.51 8914.51 8914.51 8914.51 8023.82 7945.57 7643.19 5654.26 5654.26 4521.99 4357.96 3878.16 2294.97 ]
29,[1.48676e+06 1.48676e+06 1.42595e+06 1.42595e+06 1.1644e+06 1.06965e+06 1.06965e+06 992919 835811 761026 644516 644259 627475 610662 510877 407092 407092 407092 405913 359213 336563 292398 244344 244344 244344 238514 204674 195877 192051 162267 162267 161971 152805 124620 124620 124620 120585 120585 120585 115907 112376 108732 106602 101047 96116.2 96116.2 92813.1 91413.7 90279.3 82176.4 81621.4 79456.5 79456.5 75422.1 74749.8 69610.3 60526.4 60526.4 60526.4 60526.4 58096.7 58096.7 58096.7 55666.1 49270.4 49270.4 49270.4 48573.1 41829.9 39409.5 39409.5 33440.4 33377.9 32260.3 32260.3 27856.1 27856.1 27856.1 24199.9 24147 24147 21419.3 20301.7 20301.7 20124.5 16898.5 14936.7 13732.2 11586.6 9164.47 9164.47 9164.47 8251.73 8251.73 7262.71 4255.91 4255.91 3593.29 2584.89 2416.08 ]
30,[1.73006e+06 1.66292e+06 1.42514e+06 1.20637e+06 1.01338e+06 1.01338e+06 1.00631e+06 786567 701080 701080 701080 616729 594123 504425 427174 427174 427174 398240 382371 353086 331951 273686 273686 273686 212380 202257 198487 185368 182158 151629 151629 138375 124583 118622 104619 96328.8 96328.8 89010.2 70399.1 70182.4 55887.5 55887.5 41060.9 41060.9 38616.1 29476.8 25584 23104.3 18788.3 11896.3 1825.98 1825.98 1825.98 -5210.25 -6245.1 -9727.59 -9727.59 -9727.59 -10268.2 -15223.9 -15223.9 -17724.9 -17784.3 -19828.3 -21813.5 -21813.5 -24463.2 -26753.2 -26753.2 -26888.9 -30456.8 -30456.8 -30456.8 -32322.9 -32322.9 -32322.9 -34223.7 -34223.7 -36287.7 -36365.3 -36365.3 -38030.9 -38030.9 -38030.9 -38409.5 -38409.5 -39991.3 -40033.3 -40279 -41632.9 -41632.9 -41632.9 -41993.7 -41993.7 -41993.7 -43302.2 -43302.2 -43302.2 -43302.2 -44826.3 ]
31,[1.62882e+06 1.6203e+06 1.57586e+06 1.46746e+06 1.33001e+06 1.31878e+06 1.1165e+06 1.1165e+06 992146 871477 871477 729094 709729 557307 547648 498622 498622 470761 442312 412894 412894 408761 371076 325717 325717 309637 278021 239465 239465 239112 239112 216107 203487 176881 166761 150300 144118 144118 138274 138274 129104 128342 118942 112038 108592 103105 101609 94517.6 94517.6 94517.6 85032.2 84974.3 80443 76673.7 76673.7 75070.7 74481.2 68344.2 68344.2 67260.2 63957.6 62380 62380 62380 56355.6 56355.6 56355.6 54893.8 54893.8 51781.3 50051.7 47811.7 46435.3 46435.3 45425.2 42991.1 39942.2 39260.2 39040.9 39040.9 35816 35799.9 35514.2 34643.1 34643.1 32810.3 31066.1 29932.2 29366 28099.5 28099.5 27826.9 25694.2 23246.4 23203.4 22418.9 21899.4 21696.3 21696.3 21696.3 ]
32,[1.64735e+06 1.55381e+06 1.31862e+06 1.31862e+06 1.19476e+06 1.01521e+06 1.01521e+06 881997 799256 674996 674996 634252 575253 529191 494519 456308 396159 352501 352501 345700 329794 309232 277806 270991 245247 245247 245247 234636 231007 220865 205011 185047 185047 166303 163944 157161 154273 147490 145331 140359 132487 122119 122119 121163 110529 104345 104345 103265 103265 97561.7 97486.4 91286.6 79312.5 78181.8 78181.8 72934.9 72934.9 72920.7 71001.9 68506.4 65849.8 65762 63486.4 62221.9 61274.5 61274.5 58517.6 57179.1 53570.1 52617.2 52603.7 48994.8 47953.1 44109 44109 44008 43562.2 40218.3 39754 38871.8 37135.5 36169.6 36169.6 36169.6 35610.7 33773.5 30434.8 30434.8 30174.3 29299.7 26728.4 26728.4 24847.2 22331.8 22331.8 22220.4 20147.2 20147.2 17041.7 17041.7 ]
33,[1.42398e+06 1.40727e+06 1.39247e+06 1.18392e+06 1.18392e+06 1.01237e+06 882932 737162 737162 598283 598283 460008 460008 381978 381978 368521 357156 332059 291528 281243 250830 235610 235610 202281 202281 202281 192963 187446 174873 174356 160418 156871 154052 131198 124860 118380 110612 107976 95406.9 95406.9 76604.1 76604.1 76604.1 75872.5 75872.5 68019.6 63490.9 55702.7 52896.1 52896.1 52896.1 49792.2 44933.9 44879.3 43984.1 42167.8 39714.6 39714.6 39714.6 38198.3 34197.1 33649.5 30865.1 28681.1 25348.4 25348.4 22614.8 17628.8 15588 15109.6 8915.45 7296.06 6069.4 398.326 398.326 -889.997 -889.997 -3733.42 -6496.32 -7187.65 -9768.25 -10498.9 -12865.3 -17665 -17665 -17665 -17665 -17665 -17665 -17665 -19393.5 -19969.2 -19969.2 -19969.2 -19969.2 -19969.2 -19969.2 -21697.6 -22256.8 -22256.8 ]
34,[1.47063e+06 1.47063e+06 1.47063e+06 1.33232e+06 1.12868e+06 1.12271e+06 973215 971987 831502 737727 737727 638016 590444 494306 433420 405064 363782 349321 312736 312736 221903 199140 192401 169496 169496 169496 158285 139108 139108 133150 131582 125227 121254 117056 108825 100046 100046 87108.3 71433.5 71433.5 71433.5 71433.5 68702.9 68702.9 66762 64969.8 62817.5 57496.4 57496.4 57496.4 57377.1 56463.3 53013.3 53013.3 53013.3 50878.4 50878.4 48932.7 48932.7 46074.5 46074.5 44548.8 44548.8 43588.6 41590.4 40440.3 40070.2 38289.2 36107.5 36107.5 36107.5 33810.8 33810.8 33037.2 32260.3 30911.5 29637.6 28678.1 28564.7 25814.3 24780.3 23200.3 23200.3 23114.7 23114.7 22584.3 21226.3 21226.3 21226.3 19969.5 19856 19856 19856 19856 18745.2 18745.2 18745.2 18745.2 18717.3 18011.2 ]
35,[1.54296e+06 1.50062e+06 1.20047e+06 1.20047e+06 997972 997972 925554 740839 721917 721917 635293 537889 537889 537889 525563 474898 433676 386433 364850 338553 320521 294502 256750 256750 235615 225478 215230 209736 187095 187095 187021 180321 173676 157616 146673 145806 134415 134415 121428 112399 105704 95106.8 95106.8 95106.8 93881.9 89880.1 86503.5 82236.4 78015.7 70597.1 68131.7 66965.4 63184.3 58745.6 53924.2 52839.2 50424.6 49107.3 41947 41947 38199.8 38199.8 37638.4 30702 30702 30687.2 29990.9 24879.5 24879.5 21533.9 17825.8 17825.8 13780.2 12934.9 7579.33 7579.33 7579.33 4050.24 4050.24 -503.69 -503.69 -2524.02 -5111.16 -5111.16 -5111.16 -5639.06 -9216.62 -9216.62 -11044.4 -12126.2 -13081.6 -13394.9 -14068.4 -14068.4 -14163.3 -15950.9 -17066.8 -17365.5 -17689.4 -17870.6 ]
36,[1.52202e+06 1.4402e+06 1.19102e+06 1.19102e+06 1.19102e+06 1.06224e+06 1.04208e+06 811586 811586 723998 723998 656348 601108 601108 518098 466303 357473 357473 344918 279394 273102 262630 227139 224364 224364 178043 178043 171352 171352 171352 163886 150334 150334 150334 139620 133943 133943 133943 133943 123237 121849 119968 119960 110730 108194 108194 108194 108194 102125 102125 99991.8 99991.8 99303.1 99303.1 99294.5 94733.3 94733.3 93277.1 92053.6 92053.6 91974.1 91376.9 91157.3 91157.3 89535.2 89535.2 89535.2 89535.2 88281.2 87635 87070 87070 86393.3 86393.3 85458.6 84902.3 82371.6 82371.6 81806.6 81436.9 81009.5 79620.3 75950 75950 75950 75950 75950 75950 75950 75950 75343.6 74206.4 73438.6 70302.7 70302.7 70302.7 69534.9 69019.7 67939.5 67939.5 ]
37,[1.42318e+06 1.42318e+06 1.37971e+06 1.08178e+06 1.08178e+06 968829 838789 769958 607223 433861 381722 381722 360705 277348 277348 277348 205379 205379 150953 150953 150953 147390 143321 133510 127584 127584 114573 100084 92334.6 92334.6 86972.9 78984.7 73918.6 65894.1 65118.4 64112.2 52380.1 52380.1 51408.3 47862.1 47313.5 38995.4 38995.4 38342.1 32378.8 32378.8 27424.9 23059.8 21194.2 17592.2 17592.2 11282 8035.89 8035.89 8035.89 8035.89 8035.89 6670.04 5167.91 5167.91 4596.49 -269.787 -269.787 -1771.91 -2212.82 -6052.03 -9050.52 -9050.52 -9050.52 -10196.8 -10374.2 -12258.7 -12258.7 -12928.5 -13405 -13405 -13582.4 -13999.5 -16136.7 -16136.7 -16136.7 -16731.2 -16731.2 -17626.4 -17626.4 -17626.4 -17626.4 -17730.2 -18324.7 -18324.7 -18324.7 -19187.6 -19187.6 -19187.6 -20144 -20886.7 -20886.7 -20886.7 -21006.9 -21006.9 ]
38,[1.32371e+06 1.32371e+06 1.32371e+06 1.31839e+06 1.16569e+06 1.16569e+06 934676 908880 882257 770286 599158 599158 593359 508375 489021 402797 402797 402797 390462 371676 344500 331843 306818 267983 251339 246039 246039 234991 227167 195051 195051 189404 176558 156840 136686 125481 125481 125481 125481 121156 102483 99029.7 90940.8 82688.5 58256.3 58256.3 58256.3 52894.4 45583.3 45583.3 39339.9 33065.3 21471.7 21471.7 21471.7 18536.9 11103 8503.86 7303.34 4435.19 1999.34 -1074.18 -1303.22 -6724.5 -10563.7 -10563.7 -10563.7 -14970 -14970 -14970 -15635.7 -16431 -17778.4 -17778.4 -18711 -19375.1 -21314.6 -22511 -22511 -24579 -24756 -26375.1 -27091.7 -28466.8 -28466.8 -30335.9 -30335.9 -30335.9 -30335.9 -32230.5 -32230.5 -32230.5 -32929.8 -32964.9 -33633.7 -34264 -35292.7 -35292.7 -36042 -36042 ]
39,[1.43645e+06 1.43645e+06 1.43645e+06 1.43645e+06 1.41054e+06 1.268e+06 907961 907961 719372 699736 699736 639549 588318 588318 586792 554404 480160 470251 462696 406357 399106 268908 268908 261247 259973 191944 191944 191944 191944 172448 168073 160116 141659 128666 117315 117315 96988.1 96988.1 94530.4 86368.7 86368.7 77008.7 74483.3 73970.5 63305.4 56649.2 56649.2 51445.7 49383.3 47827 45394.3 40513.7 39768.9 36904.9 35335.1 33211.3 31505.1 23761.6 19949.9 19949.9 14488.8 14488.8 14488.8 14488.8 14488.8 13310.4 11687.2 11687.2 9338.52 9338.52 9338.52 6713.97 4987.34 3741.03 874.793 602.557 602.557 -2422.03 -2422.03 -2422.03 -2422.03 -5257.17 -7258.87 -11230.8 -11230.8 -12057.3 -12385 -12407 -12407 -14171.3 -14171.3 -14171.3 -14980.1 -14980.1 -14980.1 -14980.1 -15454.8 -15454.8 -15454.8 -15459.6 ]
40,[1.48691e+06 1.39264e+06 1.3395e+06 1.32506e+06 1.31326e+06 1.18176e+06 1.06162e+06 967574 852563 737218 737218 656902 568406 504490 477882 446404 357653 302972 270132 270132 270132 244600 239360 221846 218147 204403 186478 169988 167437 159787 141870 130698 120573 120573 116709 116709 116255 114006 113934 106957 104709 102705 97658.4 97071.2 96982.2 92450.9 81329.4 78126.7 78126.7 78126.7 77766.2 75766 72855.9 69381.8 69381.8 68016.1 65735.2 60122.6 60122.6 59244.6 55835.7 55288.9 52212.1 52212.1 49462.1 44271.8 43304.8 43304.8 39728.9 39198.9 39198.9 38762 37831.1 36176.2 34248.1 31047.2 31047.2 31047.2 31047.2 30326.4 30326.4 28595.1 28595.1 28595.1 28595.1 28146.5 28068.4 26322.4 26322.4 25353.5 25353.5 25190.6 25190.6 25177.1 23888.6 23888.6 23888.6 23888.6 23803.8 22996.6 ]
41,[1.40251e+06 1.40251e+06 1.40251e+06 1.2971e+06 1.19011e+06 832616 832616 757910 757910 757910 736328 627300 511295 511295 490247 437923 422262 411457 293298 293298 288682 278068 198880 198880 172657 172657 172657 163257 151092 141587 136320 129703 117287 113717 101639 89967.1 76572.8 70673.7 50422.2 50422.2 48863.8 45062.6 37504 24593 24593 23330 15921.6 12585.9 10892 5697.58 3436.74 3436.74 -1025.07 -3439.61 -5794.07 -9115.92 -9938.47 -10891.8 -15388.2 -24238.9 -24238.9 -24238.9 -24689.7 -28676.5 -28676.5 -29695.6 -29695.6 -29695.6 -30875.5 -30875.5 -31772.8 -31772.8 -32349 -34336.7 -34336.7 -34336.7 -34336.7 -34336.7 -35859.2 -36670 -38118.3 -38420.9 -38420.9 -39769 -39769 -39769 -42009.2 -42487.6 -42487.6 -44150.8 -44573.3 -44573.3 -44573.3 -44573.3 -44573.3 -44573.3 -44601.3 -44891.3 -44891.3 -44891.3 ]
42,[1.56373e+06 1.49946e+06 1.32582e+06 1.24804e+06 1.13215e+06 831869 831869 738147 696272 696272 648211 589822 525494 506520 417687 375764 375764 356976 322839 289213 239869 213386 140381 121567 121567 121567 121567 114352 101442 101442 101442 101442 81867.2 75442.5 75442.5 73566.6 72194.1 69583.7 66499.4 65993.8 64713.8 64688.7 59010.3 56650 56650 56650 52510.1 49368.9 49368.9 49368.9 44366.4 43268.9 37225 37225 35620.7 34676.3 31736.3 31023.1 31023.1 30734.9 28867 27552.7 27423.4 24994.5 23272.2 22737.4 19867.7 19867.7 19588.9 17729.8 17061.9 15825.9 14286.2 13734.5 11769 11769 9043.67 8417.1 8417.1 3581.94 3581.94 3581.94 1199.17 1199.17 -5333.75 -5333.75 -5333.75 -5333.75 -7218.76 -8570.31 -9914.62 -11196.1 -11196.1 -11196.1 -11196.1 -11531.3 -11531.3 -13473.3 -13473.3 -13473.3 ]
43,[1.36745e+06 1.36745e+06 1.09692e+06 1.09692e+06 1.09692e+06 1.09692e+06 954387 756303 696411 683759 414111 414111 414111 414111 307751 270495 270495 269264 269264 248355 229526 229526 220144 220144 211132 206216 186255 186255 186255 155311 143839 143839 137996 116466 116466 104019 96454.5 91116.1 91116.1 82539.1 82161.9 74334.4 74334.4 74334.4 72774.5 71158.5 67048.6 67048.6 66887.9 64762.2 62585.6 61656.8 60189.3 57474.8 55188 55188 53745 51886.3 48908.7 46879.2 45263.1 43246.1 43246.1 43246.1 40303.2 39716.7 38765.6 38765.6 35383.4 34687.9 31207.2 31207.2 31207.2 29356.3 25829.9 25829.9 25829.9 25829.9 25829.9 24543.2 24415.9 24415.9 21193.8 21193.8 21193.8 20960.7 20960.7 19618.2 18244.1 18244.1 18244.1 18244.1 18244.1 18244.1 17726.1 16498 16498 15620 15233.3 15084.6 ]
44,[1.51699e+06 1.41154e+06 1.41154e+06 1.37921e+06 1.16949e+06 1.03272e+06 1.03272e+06 856546 856546 716726 716726 671582 571721 544036 544036 478000 475552 427929 316124 316124 258756 258756 257107 230142 230142 182761 182761 172399 169748 169748 157714 146664 146664 127045 127045 127045 127045 119498 99434.8 99434.8 91896 91896 91896 87148.2 76518.6 73809.4 73809.4 73809.4 73709.6 73709.6 63329.2 63329.2 63329.2 59495 59495 58861.5 58101.3 52519.2 52519.2 52519.2 51674.7 51674.7 51060.5 50326.9 47760.2 47738.9 47212.4 43458.3 43458.3 43181.4 43053.6 42837.6 40837.7 40837.7 39553.3 39091.7 38761.2 36864.2 36655 36259.9 35810.5 34261.7 34261.7 34261.7 32444.9 32444.9 30931.8 29935.4 29935.4 28314.9 28314.9 27638.3 27638.3 27638.3 27638.3 27033.7 26600.4 26600.4 25964.7 25180 ]
45,[1.58822e+06 1.4872e+06 1.19946e+06 1.18513e+06 852519 852519 750594 738242 545866 545866 543036 543036 504241 440555 400004 400004 372359 372359 354662 316215 260348 234866 209193 197419 169890 169890 152015 137516 137516 119843 117438 90298.1 86644.9 54456.9 54456.9 42381.4 40036 39655.6 37985.4 37985.4 34850.5 34850.5 34548.6 30085.2 28720.3 26063.6 25467.3 20452.1 20452.1 18036.6 17656 16956.6 13944.5 11667.3 5031.38 1820.74 -2356.82 -7529.28 -7529.28 -8405.23 -8821.6 -9453.11 -11141.3 -12274.4 -13882.9 -13882.9 -15800.8 -15800.8 -19750.1 -20173.4 -22131 -22666 -25164.6 -25164.6 -25164.6 -28560.9 -29792.4 -30397 -31027.5 -33172.1 -33763.6 -33763.6 -33763.6 -33763.6 -34499.2 -34499.2 -35362.2 -35772.2 -36502.2 -37924.3 -37924.3 -37924.3 -37924.3 -38334.1 -39295.6 -39295.6 -39295.6 -39389.3 -39389.3 -40717.7 ]
46,[1.62107e+06 1.62107e+06 1.31145e+06 1.31145e+06 1.24226e+06 1.11786e+06 1.11786e+06 921129 848048 706131 616316 599800 513536 487932 418012 418012 405384 353544 338638 276841 276841 264736 254636 239574 229128 204949 204949 169350 169350 169350 169350 161916 161916 160573 138751 138751 138751 132603 129047 124902 116129 116129 104811 104811 104332 94956.8 85225.4 85225.4 85225.4 79475.7 79475.7 70889.3 67151.6 63170.5 63170.5 60635.3 53668.7 53668.7 53668.7 48878.3 47985.4 47985.4 41850.4 38444.1 34605.6 34605.6 34605.6 33025 29631 29491.3 26056 26056 26056 24019.8 21160.9 21160.9 21160.9 21160.9 17094.4 17069.5 12632.3 12632.3 12286.3 9075.3 8539.94 6212.61 6212.61 5139.97 5139.97 4035.35 2340.35 2110.97 1277.15 828.995 -470.827 -3080.61 -3080.61 -3080.61 -4957.57 -5303.42 ]
47,[1.3966e+06 1.3966e+06 1.3966e+06 1.36696e+06 1.17144e+06 931349 931349 908340 825774 681409 666250 467406 404734 404734 316598 316598 272454 209075 198733 198733 166219 152705 152705 148551 144044 119146 119146 99135 99135 83791.8 67561.1 65994.7 62797.9 62797.9 62797.9 55228 45418.7 41110.5 35745.6 35745.6 29734.4 29734.4 29734.4 26101.4 26101.4 25262.2 24799.9 23833.7 19904.1 19904.1 19904.1 19904.1 16824.7 16824.7 15963 14840.7 14840.7 11952.5 11923.1 9507.7 7726.95 7289.09 5142.6 3379.68 3379.68 3049.45 801.604 -804.085 -804.085 -804.085 -973.119 -1939.69 -1939.69 -1939.69 -2677.41 -3030.17 -3410.23 -4079.35 -4198.06 -4310.39 -4310.39 -5517.61 -6186.42 -6186.42 -6852.85 -7161.17 -9314.3 -9314.3 -9314.3 -10372.4 -10589 -11272.6 -11615.4 -11615.4 -12471.1 -12471.1 -13289 -13289 -13421.5 -14482.2 ]
48,[1.28577e+06 1.28577e+06 1.28577e+06 1.10201e+06 1.08636e+06 845160 732137 732137 623824 623824 609062 534945 475824 381008 359429 336741 288836 279021 265732 265732 239339 235625 227452 224896 181212 173448 173448 169839 162657 162657 145592 117093 117093 117093 106537 106537 99615.9 94853.5 78510.4 70219.8 68423.2 66133.3 66133.3 66099.3 59333.7 58926.4 58497.6 53810.2 52896.1 51143.3 45433.3 45345.2 39966.3 38668.9 33194.9 29585.6 29585.6 29519.6 29519.6 24853.9 18735.4 18735.4 18735.4 17760 17760 17760 14482.4 14482.4 12848.5 11233.1 8981.52 8981.52 6492.46 6492.46 3524.78 3524.78 1677.7 1339.55 1273.1 -170.224 -806.24 -1158.46 -1158.46 -2347.92 -3144.3 -3144.3 -3144.3 -3605.71 -5786.69 -7529.98 -7529.98 -7529.98 -8807.76 -12273.6 -12786.8 -12786.8 -12971.9 -13522.3 -13522.3 -13931.5 ]
49,[1.48607e+06 1.14299e+06 1.14299e+06 1.14299e+06 1.14299e+06 1.08583e+06 898098 898098 898098 870733 811069 693043 578319 578319 528046 528046 528046 483945 445030 317961 317961 317961 317961 299315 259750 201701 201701 165878 165878 165878 153020 153020 153020 148455 145653 131332 120311 120311 120311 101356 97479.8 97479.8 93059.9 90498.3 79251.2 79251.2 72826.6 70803.4 65716.7 65716.7 65716.7 65212.3 61473.2 50936.1 50936.1 50596.3 49122.3 41883.5 41883.5 37775.4 37128.1 37128.1 31131.1 31131.1 28025 28025 28025 23269.9 23269.9 23269.9 20750.6 19770.6 19416 19416 19416 17442.4 15335.1 15335.1 15335.1 15335.1 13559.8 12850.1 12850.1 12579.8 12579.8 10655.6 10655.6 10655.6 10655.6 10655.6 9502.23 9502.23 9231.96 7352.9 7352.9 7352.9 7352.9 5698.9 5698.9 5698.9 ]
50,[1.66581e+06 1.66581e+06 1.60331e+06 1.3662e+06 1.25624e+06 1.11137e+06 1.03374e+06 1.03374e+06 767201 767201 736149 720319 671189 548565 548565 449994 428914 378602 378602 323943 321090 321090 288714 265850 243716 206443 178089 178089 178089 158650 158650 155757 149542 137615 137615 124904 124904 112746 112746 104881 94104.8 94086.6 84384.7 84384.7 82974 73076.2 72205.7 71508.8 62319.7 58459.7 51200.8 51200.8 50471.9 40515.7 40515.7 37051.8 36653.6 32585.2 28381.1 26663.3 22443.1 22059.4 17061.4 17061.4 14858.2 14858.2 11592.3 8490.97 5565.11 1942.69 1942.69 -365.536 -2143.51 -2143.51 -4333.57 -7580.95 -7580.95 -8321.01 -12338.9 -13072.7 -16783 -18286.6 -18286.6 -19720.6 -19720.6 -21773.5 -23962.9 -23962.9 -24324.6 -25118.6 -25118.6 -25352.7 -25352.7 -25352.7 -25352.7 -25352.7 -27903.8 -27903.8 -28697.9 -28697.9 ]
